  0.589842  -0.774386  -0.228938   -1.96194
  0.790577   0.611542 -0.0316886   -2.98698
  0.164544  -0.162302   0.972925          0
         0          0          0          1

  -0.19782   -0.97959 -0.0356383    1.03666
   0.97918  -0.195786 -0.0536231   -5.06912
 0.0455512  -0.045504   0.997925  -0.103076
         0          0          0          1

 -0.785544  -0.618262 -0.0259291    7.37115
  0.601353    -0.7726   0.203628   -5.53387
 -0.145928   0.144366   0.978705    2.40401
         0          0          0          1

  -0.9928 -0.119784         0   9.90613
 0.119784   -0.9928         0 -0.948259
        0         0         1         0
        0         0         0         1

-0.624322  0.781167         0   9.99996
-0.781167 -0.624322         0        10
       -0         0         1         0
        0         0         0         1